  ID  VOTESHR PARTY PRES     DUR   WAR   GROWTH      INFL   GOODNEWS CNST
 1916  51.682    1    1     0.00    0     2.229      4.252     3      1
 1920  36.119    1    0     1.00    1   -11.463      0.000     0      1
 1924  58.244   -1    1     0.00    0    -3.872      5.161    10      1
 1928  58.820   -1    0     1.00    0     4.623      0.183     7      1
 1932  40.841   -1    1     1.25    0   -14.499      7.200     4      1
 1936  62.458    1    1     0.00    0    11.765      2.497     9      1
 1940  54.999    1    1     1.00    0     3.902      0.081     8      1
 1944  53.774    1    1     1.25    1     4.279      0.000     0      1
 1948  52.370    1    1     1.50    1     3.579      0.000     0      1
 1952  44.595    1    0     1.75    0     0.691      2.362     7      1
 1956  57.764   -1    1     0.00    0    -1.451      1.935     5      1
 1960  49.913   -1    0     1.00    0     0.377      1.967     5      1
 1964  61.344    1    1     0.00    0     5.109      1.260    10      1
 1968  49.596    1    0     1.00    0     5.043      3.139     7      1
 1972  61.789   -1    1     0.00    0     5.914      4.815     4      1
 1976  48.948   -1    0     1.00    0     3.751      7.630     5      1
 1980  44.697    1    1     0.00    0    -3.597      7.831     5      1
 1984  59.170   -1    1     0.00    0     5.440      5.259     8      1
 1988  53.902   -1    0     1.00    0     2.178      2.906     4      1
 1992  46.545   -1    1     1.25    0     2.662      3.280     2      1
 1996  54.736    1    1     0.00    0     3.121      2.062     4      1
 2000  50.265    1    0     1.00    0     1.219      1.605     8      1
 2004  51.233   -1    1     0.00    0     2.690      2.325     1      1 
